A = 1;
s = 0.25;
n = 0.02;
delta = 0.05;
alpha = 0.33;
k0 = 0.1;
